-4.290491806660003959e-01 6.350245289459777176e-01 -4.271154556145931869e-01 5.349373613573678021e-01 -1.676704501909298539e-01 5.222408753147733673e-02 -6.028640001884540134e-02 -6.662521219756663282e-02 1.351997195138296970e-01 5.229297960140588675e-02 -1.571687690637241785e-01 -2.871976490161763373e-01 1.289458574704643867e-01 1.495668712457253746e-01 -1.130408709805846429e-01 -8.265910223466471640e-02 2.490962235268655289e-01 4.045715322198683433e-02 -6.280386840151082339e-02 -1.207155197128870205e-01 1.000000000000000000e+00
8.244725583739119512e-02 -6.734305336674841769e-01 -5.605308164841547036e-01 1.433701997842754261e-01 -4.766122442905166429e-02 -2.208768847263976598e-01 -3.075259693918094839e-01 -1.713007206315531050e-01 1.688750503149648585e-01 -3.280453659809580147e-01 -2.172543981246759792e-01 1.511778474381803294e-01 1.644601227548899910e-02 -1.247464246156644446e-01 5.556465342719567324e-02 9.469724210626069560e-02 8.494911017740301717e-02 -6.873258208919816314e-02 1.723893507616328924e-01 -1.551123368206236142e-01 2.000000000000000000e+00
-4.152102164754930547e-01 -2.911882501479653440e-01 7.240734165395996680e-01 2.899859736233298749e-02 -1.458753994796003206e-01 4.850483656273739119e-01 -2.041133684933726378e-01 1.244913901299641718e-01 -1.361644829504526401e-02 -1.362095523040356970e-01 -5.177312021513438139e-02 -2.913040790192001142e-02 4.095081136631487789e-02 -1.460104977606133947e-01 5.717839901890933415e-04 1.097348643617124427e-02 1.264486300147016629e-01 1.381852428254893850e-01 5.549062092781336525e-02 -2.486941719770540682e-01 3.000000000000000000e+00
-4.950896374957892698e-01 -2.651342343996738737e-01 6.779814460946079757e-01 -2.043862199992488304e-02 3.052013258317793354e-01 -4.710875242984752936e-02 2.979214861276245352e-01 1.649284077508920976e-01 2.414927658132587918e-01 -1.478411582829727011e-01 6.979324682229912612e-03 1.910589926779361902e-01 -2.287161338011538814e-01 8.385699558265820308e-02 -4.155026660026777535e-02 2.974124857295011304e-01 -1.212547190738595959e-01 1.678697072766461018e-01 6.773305217499369507e-03 1.972184374666297313e-01 3.000000000000000000e+00
8.416915623244005662e-01 3.035402391211806106e-01 3.096648260041408585e-01 -1.057486887153668703e-01 -1.492994446366990580e-01 -5.748720742118978988e-02 -2.788132689435603856e-02 -3.101023457984892762e-01 4.976178409115469825e-01 9.022835192563614243e-03 6.551507607255389887e-02 -9.243738463120002025e-02 5.169124166876742921e-02 -7.310903574579495634e-02 1.357880695305489216e-01 2.466197359305795644e-01 1.119092409117863895e-02 1.773917774954670845e-01 -2.092460432875503651e-01 1.165261276674838253e-01 0.000000000000000000e+00
8.416915623244002331e-01 3.035402391211809436e-01 3.096648260041405254e-01 -1.057486887153668009e-01 -1.492994446366992245e-01 -5.748720742118988009e-02 -2.788132689435576447e-02 -3.101023457984893872e-01 4.976178409115470935e-01 9.022835192563463322e-03 6.551507607255413479e-02 -9.243738463120011739e-02 5.169124166876750553e-02 -7.310903574579485920e-02 1.357880695305488383e-01 2.466197359305797032e-01 1.119092409117875692e-02 1.773917774954668902e-01 -2.092460432875502541e-01 1.165261276674837837e-01 0.000000000000000000e+00
7.618121413041043510e-01 3.295942548694725804e-01 2.635728555591476674e-01 2.812664006478384215e-01 2.464689041805165903e-01 -2.350724971795009333e-01 1.962192885175045587e-01 6.974194431306740549e-02 -1.170367413228221992e-01 -8.883698542771441276e-03 -3.636003391676588259e-01 -2.467628692934173140e-01 2.735164331071205171e-02 -1.897965083408674203e-01 -1.173947827785219028e-01 1.234736342694072175e-01 -3.128436818830086508e-01 -1.690805429227589252e-01 1.560596652714540677e-01 -9.756422169571883629e-02 0.000000000000000000e+00
-3.849365482393303783e-01 6.970951809767826912e-01 -3.658065420140954038e-01 -1.287040117008805551e-01 -1.306075340381180061e-01 4.795950943992106918e-02 2.669445651965780819e-02 2.196766405561991278e-02 -2.882834745115732122e-01 -2.224505316823855439e-01 -7.522676672952975652e-02 -9.988162985891950452e-02 -2.490969639658455748e-01 2.851013206065675654e-01 -3.239537823337509947e-01 -7.821678060244834085e-02 7.147751005220211173e-02 5.374534899820684331e-01 -5.859743121261168364e-02 -4.714481014625768185e-02 1.000000000000000000e+00
1.642981326477830073e-01 -6.340584822016399613e-01 -5.888087116126360376e-01 -4.216876387911252383e-02 -4.190257127128595854e-02 -1.642866764715358585e-01 7.175258450289678791e-02 1.890977196700379670e-01 2.500672996086837586e-04 -1.353735775743371283e-01 -2.814307252860842948e-02 -4.811283140487098570e-02 5.517334549244491404e-01 4.221240684011026700e-01 1.661650099310572892e-01 -3.323776454083997994e-02 -1.295966556073960552e-01 8.545397736131278565e-02 8.006392804095652238e-02 2.495668854485899313e-01 2.000000000000000000e+00
-3.849365482393304339e-01 6.970951809767825802e-01 -3.658065420140951263e-01 1.060968471671081687e-02 -8.436332172979144062e-02 -4.098450650090342678e-03 5.611742064880446135e-01 1.465150584469042949e-01 1.371143279953551675e-01 1.366075097169629771e-01 2.513683082404201685e-01 -7.383298238656822721e-02 -5.738980203882732001e-02 -5.668915275675993209e-02 1.988923909218019148e-01 -1.164165792617117418e-01 3.247789246589844470e-01 -9.337014879975033543e-02 8.572827898805489288e-02 -2.819040180210510838e-01 1.000000000000000000e+00
-4.593228489021651262e-01 -3.532589021787709838e-01 6.627645029391020515e-01 1.433701997842753706e-01 -4.766122442905168510e-02 -2.208768847263974378e-01 -3.075259693918093729e-01 -1.713007206315530495e-01 1.688750503149649418e-01 -3.280453659809582923e-01 -2.172543981246759237e-01 1.511778474381806070e-01 1.644601227548894012e-02 -1.247464246156643752e-01 5.556465342719570794e-02 9.469724210626088989e-02 8.494911017740287840e-02 -6.873258208919819090e-02 1.723893507616329757e-01 -1.551123368206235031e-01 3.000000000000000000e+00
-4.648159692596263159e-01 7.231491967250741615e-01 -4.118985124590882063e-01 -5.265089157237915485e-01 2.594740295249081327e-02 7.980447931873427270e-02 -9.248376369806955710e-02 -1.964780719270618412e-02 -5.711474558850538480e-02 -2.724144910657012586e-01 -1.608828249002204613e-01 -4.022231894601605018e-02 1.592246109379810148e-01 -8.137157623474186585e-02 1.096538760702791271e-01 -7.761130316549727515e-02 1.476443540181409109e-01 -2.597416361353673264e-01 2.342638843702436746e-01 2.533576907062903838e-02 1.000000000000000000e+00
-4.667874250497222599e-01 6.577231295109385867e-01 -3.375286468856137923e-01 1.098828362304570816e-01 3.422913926334346379e-02 -4.647564745227051458e-02 -9.680173356118662586e-02 1.173105927769106313e-02 -4.635302492098783422e-02 -2.513586378623575701e-01 -3.373735929742766038e-02 -1.000295565009208659e-01 -1.514557466324403245e-01 5.669583533328348413e-02 6.434314708928797755e-01 -1.766736336087366410e-01 -5.095842848890336924e-02 1.673405183008915692e-02 -3.630323615004851789e-01 8.041360410137395054e-02 1.000000000000000000e+00
-4.648159692596263715e-01 7.231491967250741615e-01 -4.118985124590882618e-01 1.208793540110533471e-01 -5.848575410422015425e-02 -4.075841964438129371e-03 -1.383323271906128082e-01 -2.917796042810519852e-01 2.408914692553754122e-02 1.820250320192102755e-01 8.781196139405937628e-02 2.758868882453144877e-01 1.231345568082847647e-01 1.001072999561527718e-02 -7.153491604765126188e-02 2.826246220133989961e-01 -1.661389552824628010e-02 1.595742132769515931e-01 7.812890281879444898e-02 2.979366576373810790e-02 1.000000000000000000e+00
-4.667874250497222044e-01 6.577231295109384757e-01 -3.375286468856137923e-01 -8.567466638390129965e-03 2.460607069437915559e-02 2.764211331204389013e-02 2.355609443845932752e-02 -2.495502228466392192e-01 -4.435041531338033971e-02 -1.283408414983634449e-01 2.270828085166365917e-01 -1.945127867963279134e-01 -3.119970799003457876e-02 -2.194087757060673993e-01 -2.641904667874970802e-01 8.886664934186566667e-02 -3.294076750298898654e-02 -2.933710395775241397e-01 -2.725230450697777029e-01 4.694091377329234760e-02 1.000000000000000000e+00
-4.648159692596263715e-01 7.231491967250741615e-01 -4.118985124590882618e-01 1.208793540110533471e-01 -5.848575410422015425e-02 -4.075841964438173606e-03 -1.383323271906129193e-01 -2.917796042810524293e-01 2.408914692553749959e-02 1.820250320192105531e-01 8.781196139405930690e-02 2.758868882453147098e-01 1.231345568082847786e-01 1.001072999561504646e-02 -7.153491604765103984e-02 2.826246220133989961e-01 -1.661389552824628010e-02 1.595742132769517596e-01 7.812890281879440735e-02 2.979366576373810790e-02 1.000000000000000000e+00
8.416915623244002331e-01 3.035402391211809436e-01 3.096648260041404699e-01 1.247945522949662073e-01 -2.079792405070460953e-02 1.400902608778553660e-01 -4.403054700757122464e-02 1.468623981028615300e-01 2.525753484970385543e-01 -1.005837823203969833e-01 -2.004822265693930600e-02 3.441003089522750025e-01 -2.959614815698021449e-03 1.263548416146331732e-01 -2.302177778256075946e-01 -3.236762684483277530e-01 -2.441910291720559012e-01 -3.323532661413391431e-01 -2.659233496205261685e-02 -5.857881301078431829e-02 0.000000000000000000e+00
7.975789298977284947e-01 2.414695870903754704e-01 2.483559124036419097e-01 1.375416909893011630e-01 -3.058337198091352627e-01 -7.356757185952195188e-02 1.134544381437217891e-01 7.330167055546081556e-02 -2.774593392826998905e-01 3.607344041934639617e-02 -1.432276787559978448e-01 3.201464396571103155e-01 -1.961688000153293254e-01 -2.790443674271665397e-01 7.427987799824006809e-02 -2.634641290425263765e-02 3.350276136181475350e-01 -1.209626703521783503e-01 -7.584652310564963607e-04 4.497349400641432737e-01 0.000000000000000000e+00
7.975789298977284947e-01 2.414695870903755537e-01 2.483559124036419097e-01 -2.520095475883669667e-01 7.278633133259775068e-02 -1.893068888364094482e-01 -2.160049905852216567e-01 1.487282903364240405e-01 -7.052071426766350071e-02 4.523923883111691246e-01 -7.065375245365383694e-02 1.007584369448091682e-01 3.660917915564878763e-03 -7.450666914435184751e-02 1.354462300237506411e-01 2.344004454652397762e-01 1.003981601942996243e-03 6.733261227387345171e-02 -9.434384545468718630e-02 -2.859599438343903288e-01 0.000000000000000000e+00
7.618121413041043510e-01 3.295942548694726915e-01 2.635728555591476674e-01 -1.287040117008805273e-01 -1.306075340381179506e-01 4.795950943992130511e-02 2.669445651965760002e-02 2.196766405562004115e-02 -2.882834745115732678e-01 -2.224505316823858214e-01 -7.522676672952978427e-02 -9.988162985891950452e-02 -2.490969639658458523e-01 2.851013206065676764e-01 -3.239537823337511613e-01 -7.821678060244828534e-02 7.147751005220220888e-02 5.374534899820684331e-01 -5.859743121261180160e-02 -4.714481014625732103e-02 0.000000000000000000e+00
7.975789298977283837e-01 2.414695870903754982e-01 2.483559124036419652e-01 -4.216876387911255158e-02 -4.190257127128585446e-02 -1.642866764715357752e-01 7.175258450289676015e-02 1.890977196700380225e-01 2.500672996087770000e-04 -1.353735775743371006e-01 -2.814307252860858560e-02 -4.811283140487120080e-02 5.517334549244498065e-01 4.221240684011026145e-01 1.661650099310572337e-01 -3.323776454084006321e-02 -1.295966556073959719e-01 8.545397736131271627e-02 8.006392804095656401e-02 2.495668854485899868e-01 0.000000000000000000e+00
-4.950896374957893808e-01 -2.651342343996738737e-01 6.779814460946079757e-01 1.098828362304570122e-01 3.422913926334358869e-02 -4.647564745227037580e-02 -9.680173356118661199e-02 1.173105927769143957e-02 -4.635302492098813953e-02 -2.513586378623576811e-01 -3.373735929742762568e-02 -1.000295565009209214e-01 -1.514557466324402968e-01 5.669583533328357433e-02 6.434314708928801085e-01 -1.766736336087369186e-01 -5.095842848890339699e-02 1.673405183008904243e-02 -3.630323615004851789e-01 8.041360410137403381e-02 3.000000000000000000e+00
-4.593228489021650707e-01 -3.532589021787711503e-01 6.627645029391022735e-01 -4.798673282299738274e-02 -8.182134112312901275e-02 6.454329087101094535e-03 6.676033367284055220e-02 -2.294964147712001967e-01 -2.123322321803527424e-01 1.669166682747393604e-01 -3.191091869596154873e-02 -1.283831952976772495e-01 -1.750392751736244978e-01 3.079041662779670174e-01 1.029601364378122594e-02 -4.000285383560554797e-02 -2.164066222101324877e-01 -2.074730731678025575e-01 -2.566282930422305042e-01 -3.892905153698201191e-03 3.000000000000000000e+00
-4.593228489021651262e-01 -3.532589021787710393e-01 6.627645029391022735e-01 2.334853694021679291e-02 5.452738166519676896e-03 1.098491059288177613e-01 1.706384874861785472e-01 -1.636995298637231588e-01 -1.157926243610056527e-01 -5.807061549278095397e-02 1.152728154223415652e-01 1.151233594931698606e-01 -4.069240359887075879e-03 4.281076897739318626e-02 2.346758949895595414e-01 2.088075706476059511e-03 -1.668712505463435802e-01 7.515502951058755654e-02 3.005023613053001141e-01 -4.406981951688889176e-01 3.000000000000000000e+00
-4.667874250497223154e-01 6.577231295109388087e-01 -3.375286468856136257e-01 1.185413857668505405e-01 -4.683099374486102140e-02 -2.566378375128889888e-01 -4.152103376442078941e-01 4.620070912606916713e-01 6.999620500804445977e-02 9.276433643892323389e-02 3.242475912469497956e-01 -7.425124826598404615e-02 -2.935609639570397333e-01 1.737627838202434882e-01 -2.223711091867602158e-02 5.203091955181449180e-02 5.117582677932750596e-02 -9.497248793223811436e-02 2.048706066155223382e-01 2.770227936693744550e-02 1.000000000000000000e+00
8.416915623244002331e-01 3.035402391211809436e-01 3.096648260041404699e-01 1.247945522949662073e-01 -2.079792405070460953e-02 1.400902608778553660e-01 -4.403054700757122464e-02 1.468623981028614467e-01 2.525753484970385543e-01 -1.005837823203970666e-01 -2.004822265693918804e-02 3.441003089522750580e-01 -2.959614815697982418e-03 1.263548416146332010e-01 -2.302177778256078444e-01 -3.236762684483277530e-01 -2.441910291720559012e-01 -3.323532661413391986e-01 -2.659233496205269318e-02 -5.857881301078408237e-02 0.000000000000000000e+00
7.598406855140085181e-01 2.641681876553367836e-01 3.379427211326220259e-01 2.899859736233318525e-02 -1.458753994796004316e-01 4.850483656273740785e-01 -2.041133684933731374e-01 1.244913901299641718e-01 -1.361644829504521370e-02 -1.362095523040357803e-01 -5.177312021513458956e-02 -2.913040790191996285e-02 4.095081136631505830e-02 -1.460104977606136167e-01 5.717839901891232654e-04 1.097348643617135355e-02 1.264486300147018571e-01 1.381852428254894405e-01 5.549062092781343464e-02 -2.486941719770544568e-01 0.000000000000000000e+00
8.244725583739130614e-02 -6.734305336674845099e-01 -5.605308164841544816e-01 -4.798673282299729947e-02 -8.182134112312915153e-02 6.454329087100934940e-03 6.676033367284037179e-02 -2.294964147712003633e-01 -2.123322321803528256e-01 1.669166682747394159e-01 -3.191091869596143077e-02 -1.283831952976774438e-01 -1.750392751736243591e-01 3.079041662779669619e-01 1.029601364378116869e-02 -4.000285383560560348e-02 -2.164066222101322656e-01 -2.074730731678025020e-01 -2.566282930422303377e-01 -3.892905153698233284e-03 2.000000000000000000e+00
1.201855002211111023e-01 -6.961291342324454900e-01 -6.501176252131346534e-01 -2.699602971364584159e-01 5.186999359651772029e-02 -1.525969864954218880e-01 4.179205680943642864e-02 5.322429290586353640e-02 3.443002313220590582e-01 -5.139645931881746399e-02 -1.641735053395588506e-01 -1.038435799673433080e-01 -3.040766932556948077e-01 -9.934095097361930748e-02 -1.547326462591380458e-01 -2.354178248377162552e-01 3.185125480582584167e-03 6.910643017417404665e-02 -1.337043478153694953e-01 -1.148265488453447530e-01 2.000000000000000000e+00
-4.950896374957893253e-01 -2.651342343996738737e-01 6.779814460946078647e-01 2.098258714463324681e-02 7.839175023274098236e-03 2.132788341594925863e-01 6.439054354860779261e-02 -1.376257006008146655e-01 1.682951438225297608e-02 3.684173262655504599e-01 -3.758425314064377520e-01 2.721056714747265293e-01 -1.332861106992310196e-01 1.958298773846352814e-01 1.150040302571096879e-01 -8.866723665868250781e-02 -6.915972949208210041e-02 -7.977252316561496415e-03 5.086587851142997802e-02 6.470930101496949471e-02 3.000000000000000000e+00
7.618121413041043510e-01 3.295942548694725804e-01 2.635728555591477229e-01 1.060968471671080472e-02 -8.436332172979170430e-02 -4.098450650090333137e-03 5.611742064880448355e-01 1.465150584469045725e-01 1.371143279953550842e-01 1.366075097169628660e-01 2.513683082404199465e-01 -7.383298238656824108e-02 -5.738980203882736164e-02 -5.668915275675998761e-02 1.988923909218019148e-01 -1.164165792617118528e-01 3.247789246589846135e-01 -9.337014879975036319e-02 8.572827898805500391e-02 -2.819040180210513058e-01 0.000000000000000000e+00
-4.950896374957892698e-01 -2.651342343996738182e-01 6.779814460946079757e-01 -5.546786490259124347e-02 -6.562100335139781082e-02 1.249096045314795032e-02 -6.289209796702345534e-02 2.992548251150976002e-01 -5.467916814518464230e-02 2.340733419508593538e-01 -8.341609217098640283e-02 -5.499107228196886687e-02 3.172189627446584947e-01 -4.107656484478030001e-01 -5.254556269105476601e-02 -2.366291092287927389e-01 -2.233040526290569205e-01 2.191196801331325716e-01 -2.871495144201670624e-01 6.571300065608049780e-03 3.000000000000000000e+00
-4.970610932858852693e-01 -3.305603016138095596e-01 7.523513116680823343e-01 -2.096179787529455496e-01 -2.568234865292657876e-01 -2.590955400829622612e-01 1.348365688799138817e-01 -6.330108146644546074e-02 9.673500023948254645e-03 1.440894403624178588e-01 -6.928546483752986984e-02 -1.495042914691913638e-01 1.902669938455046617e-01 1.707760323098145294e-01 -2.191858016655882091e-01 4.814389211916533101e-02 2.383968504340300276e-01 -1.546095937597752046e-01 9.071667936864832860e-02 2.093203948392274860e-02 3.000000000000000000e+00
-4.290491806660021168e-01 6.350245289459772735e-01 -4.271154556145941861e-01 -5.178316719659453032e-02 -5.817460963473492647e-02 8.434040561992367513e-02 -7.313332467127037217e-02 -9.949009162742587786e-02 1.612148882714210807e-02 5.549829198813020781e-02 4.254555521618502145e-01 1.969659916490239526e-01 1.064706300662056487e-01 7.456809375663753237e-02 -9.865296902669418166e-02 -1.925478849933549286e-01 -1.481280229272696480e-01 -1.225277651782587934e-01 -8.497708837748398081e-02 1.351386411836893314e-02 1.000000000000000000e+00
1.642981326477830073e-01 -6.340584822016399613e-01 -5.888087116126361487e-01 -1.280042577083957134e-01 4.707839336220939752e-02 4.159278234320357703e-01 -8.411175350815319751e-02 1.610832333561992291e-01 -9.403524125392614952e-02 -3.776535075154077107e-03 -1.074407667425720664e-01 -1.772040843856067527e-01 -7.924113413622166369e-02 1.125510734119090223e-01 -3.339851808199340716e-02 4.068648690718511540e-01 -1.777787061057127874e-02 -2.503643672697158928e-01 -4.462526575833752895e-02 7.875281228679585632e-02 2.000000000000000000e+00
1.642981326477830073e-01 -6.340584822016399613e-01 -5.888087116126358156e-01 1.161027737561939749e-01 -5.012201980337018664e-02 4.990974956600122830e-02 4.126905672672859238e-02 3.609049124913478457e-02 -2.094900149035544279e-01 -3.463037360048640961e-02 2.844951897425936349e-01 -1.864281340424445155e-01 -6.762440991660287511e-03 -1.310645334706515286e-01 1.187788074660074411e-01 2.079628456129261060e-01 -1.391950600876860344e-01 -1.233085685885339710e-03 5.158214983199027603e-02 6.148580209967138138e-02 2.000000000000000000e+00
-4.593228489021650707e-01 -3.532589021787711503e-01 6.627645029391022735e-01 -1.604158063923122324e-02 -4.885172808690498025e-02 1.767572322128037055e-01 2.414099850471401396e-02 -1.028299553840135855e-01 1.345222925054621321e-01 1.145627831349439879e-01 9.765868915940889572e-02 -2.223334571132293269e-01 -7.961775053672491553e-02 -2.177731877780492431e-01 -7.424377322550391144e-03 -1.939449948039788929e-01 -2.309328810655729980e-01 2.056650442813344193e-01 4.775434564983310759e-01 3.805360802771580730e-01 3.000000000000000000e+00
1.642981326477830628e-01 -6.340584822016400723e-01 -5.888087116126360376e-01 1.375416909893011352e-01 -3.058337198091352072e-01 -7.356757185952197964e-02 1.134544381437217198e-01 7.330167055546084331e-02 -2.774593392827000571e-01 3.607344041934614637e-02 -1.432276787559979558e-01 3.201464396571102600e-01 -1.961688000153293254e-01 -2.790443674271665953e-01 7.427987799824002646e-02 -2.634641290425267582e-02 3.350276136181476461e-01 -1.209626703521783225e-01 -7.584652310566946613e-04 4.497349400641435513e-01 2.000000000000000000e+00
-4.667874250497222044e-01 6.577231295109385867e-01 -3.375286468856137923e-01 -5.546786490259120878e-02 -6.562100335139801899e-02 1.249096045314779593e-02 -6.289209796702342758e-02 2.992548251150971006e-01 -5.467916814518454516e-02 2.340733419508597146e-01 -8.341609217098662488e-02 -5.499107228196895708e-02 3.172189627446585503e-01 -4.107656484478031667e-01 -5.254556269105477989e-02 -2.366291092287929054e-01 -2.233040526290568095e-01 2.191196801331326827e-01 -2.871495144201670069e-01 6.571300065608201568e-03 1.000000000000000000e+00
7.975789298977283837e-01 2.414695870903754982e-01 2.483559124036419097e-01 -1.280042577083958522e-01 4.707839336220942528e-02 4.159278234320358258e-01 -8.411175350815319751e-02 1.610832333561991736e-01 -9.403524125392610788e-02 -3.776535075154249712e-03 -1.074407667425719970e-01 -1.772040843856068637e-01 -7.924113413622173308e-02 1.125510734119091610e-01 -3.339851808199334471e-02 4.068648690718516536e-01 -1.777787061057131343e-02 -2.503643672697160039e-01 -4.462526575833744569e-02 7.875281228679577306e-02 0.000000000000000000e+00
7.975789298977284947e-01 2.414695870903754982e-01 2.483559124036418542e-01 1.161027737561939610e-01 -5.012201980337013807e-02 4.990974956600128382e-02 4.126905672672868952e-02 3.609049124913474293e-02 -2.094900149035542614e-01 -3.463037360048652064e-02 2.844951897425937459e-01 -1.864281340424447098e-01 -6.762440991660345624e-03 -1.310645334706516119e-01 1.187788074660073440e-01 2.079628456129260228e-01 -1.391950600876860344e-01 -1.233085685885418207e-03 5.158214983199028297e-02 6.148580209967154792e-02 0.000000000000000000e+00
-3.849365482393303783e-01 6.970951809767826912e-01 -3.658065420140952373e-01 2.812664006478381440e-01 2.464689041805163683e-01 -2.350724971795007390e-01 1.962192885175045309e-01 6.974194431306725284e-02 -1.170367413228220049e-01 -8.883698542771375356e-03 -3.636003391676582708e-01 -2.467628692934172030e-01 2.735164331071210375e-02 -1.897965083408671427e-01 -1.173947827785219999e-01 1.234736342694072453e-01 -3.128436818830085953e-01 -1.690805429227588697e-01 1.560596652714540122e-01 -9.756422169571883629e-02 1.000000000000000000e+00
1.201855002211111023e-01 -6.961291342324454900e-01 -6.501176252131346534e-01 -2.699602971364584159e-01 5.186999359651772029e-02 -1.525969864954218880e-01 4.179205680943642864e-02 5.322429290586353640e-02 3.443002313220590582e-01 -5.139645931881765828e-02 -1.641735053395588506e-01 -1.038435799673433080e-01 -3.040766932556948077e-01 -9.934095097361930748e-02 -1.547326462591380458e-01 -2.354178248377162552e-01 3.185125480582584167e-03 6.910643017417404665e-02 -1.337043478153693565e-01 -1.148265488453447947e-01 2.000000000000000000e+00
8.244725583739130614e-02 -6.734305336674845099e-01 -5.605308164841544816e-01 2.389397989575232223e-02 -6.729919699578314207e-02 -1.464224511550687724e-01 1.750340495015286768e-01 8.070554366159185533e-02 -1.991782741966187098e-01 -2.846727682024130512e-01 9.090869876612904521e-02 3.333116050974851419e-01 1.368467323143384706e-01 -1.203543013400874134e-01 -1.623356737104007241e-01 1.385744273612139477e-01 -5.171549272939229835e-02 1.113565948405833284e-01 -1.565007025491098880e-01 -1.172058912432742683e-01 2.000000000000000000e+00
8.244725583739130614e-02 -6.734305336674845099e-01 -5.605308164841544816e-01 -1.604158063923113650e-02 -4.885172808690512597e-02 1.767572322128036499e-01 2.414099850471387865e-02 -1.028299553840136410e-01 1.345222925054621321e-01 1.145627831349440157e-01 9.765868915940889572e-02 -2.223334571132293547e-01 -7.961775053672491553e-02 -2.177731877780492986e-01 -7.424377322550382470e-03 -1.939449948039789484e-01 -2.309328810655730535e-01 2.056650442813343083e-01 4.775434564983310759e-01 3.805360802771580730e-01 2.000000000000000000e+00
-4.593228489021651262e-01 -3.532589021787710393e-01 6.627645029391022735e-01 2.389397989575228060e-02 -6.729919699578304493e-02 -1.464224511550686614e-01 1.750340495015287601e-01 8.070554366159185533e-02 -1.991782741966188208e-01 -2.846727682024132733e-01 9.090869876612905909e-02 3.333116050974852529e-01 1.368467323143384706e-01 -1.203543013400874689e-01 -1.623356737104006409e-01 1.385744273612139754e-01 -5.171549272939236774e-02 1.113565948405834394e-01 -1.565007025491098880e-01 -1.172058912432742545e-01 3.000000000000000000e+00
-4.667874250497222599e-01 6.577231295109385867e-01 -3.375286468856137367e-01 2.098258714463329191e-02 7.839175023273931703e-03 2.132788341594924475e-01 6.439054354860783425e-02 -1.376257006008148598e-01 1.682951438225303853e-02 3.684173262655501824e-01 -3.758425314064380296e-01 2.721056714747266403e-01 -1.332861106992309919e-01 1.958298773846351704e-01 1.150040302571097156e-01 -8.866723665868260496e-02 -6.915972949208204490e-02 -7.977252316561541517e-03 5.086587851142991556e-02 6.470930101496941145e-02 1.000000000000000000e+00
8.441871162748719459e-02 -6.080044664533482690e-01 -6.349006820576290622e-01 5.349373613573681352e-01 -1.676704501909297151e-01 5.222408753147740612e-02 -6.028640001884537358e-02 -6.662521219756600832e-02 1.351997195138296970e-01 5.229297960140603940e-02 -1.571687690637239010e-01 -2.871976490161762263e-01 1.289458574704643035e-01 1.495668712457254856e-01 -1.130408709805847400e-01 -8.265910223466503559e-02 2.490962235268656122e-01 4.045715322198668168e-02 -6.280386840151083727e-02 -1.207155197128867985e-01 2.000000000000000000e+00
8.244725583739130614e-02 -6.734305336674843989e-01 -5.605308164841545926e-01 2.334853694021685536e-02 5.452738166519668223e-03 1.098491059288177196e-01 1.706384874861785195e-01 -1.636995298637232421e-01 -1.157926243610055556e-01 -5.807061549278094703e-02 1.152728154223416207e-01 1.151233594931699439e-01 -4.069240359887004756e-03 4.281076897739321402e-02 2.346758949895595414e-01 2.088075706475944586e-03 -1.668712505463435525e-01 7.515502951058745940e-02 3.005023613053002807e-01 -4.406981951688889176e-01 2.000000000000000000e+00
-4.970610932858852138e-01 -3.305603016138095596e-01 7.523513116680823343e-01 -2.096179787529454663e-01 -2.568234865292657876e-01 -2.590955400829622057e-01 1.348365688799138262e-01 -6.330108146644544687e-02 9.673500023948391688e-03 1.440894403624178588e-01 -6.928546483752998086e-02 -1.495042914691915859e-01 1.902669938455048837e-01 1.707760323098147237e-01 -2.191858016655882369e-01 4.814389211916529632e-02 2.383968504340301386e-01 -1.546095937597753434e-01 9.071667936864831472e-02 2.093203948392286309e-02 3.000000000000000000e+00
-4.593228489021651262e-01 -3.532589021787709282e-01 6.627645029391020515e-01 9.872010138450795780e-02 6.402794112899635737e-01 2.041917126616168421e-01 -5.571623982181740826e-03 3.798638983490674331e-02 3.523935934069612891e-02 6.962560283402974282e-02 7.035542179198819857e-02 3.986283091491332753e-02 2.049484227583253382e-01 3.664634365247459308e-02 -7.088878583909233311e-02 -4.501324233583743617e-02 4.241766758988402830e-01 4.766027190501299915e-02 -1.140350219930556797e-01 1.196475053297243185e-01 3.000000000000000000e+00
-4.950896374957893253e-01 -2.651342343996737627e-01 6.779814460946077537e-01 1.185413857668504295e-01 -4.683099374486091732e-02 -2.566378375128888223e-01 -4.152103376442077276e-01 4.620070912606912827e-01 6.999620500804423773e-02 9.276433643892313674e-02 3.242475912469494626e-01 -7.425124826598400452e-02 -2.935609639570394558e-01 1.737627838202437380e-01 -2.223711091867593831e-02 5.203091955181462364e-02 5.117582677932740881e-02 -9.497248793223800334e-02 2.048706066155222827e-01 2.770227936693754264e-02 3.000000000000000000e+00
8.416915623244002331e-01 3.035402391211807771e-01 3.096648260041406364e-01 -3.086214687740999191e-02 3.662828373153927397e-01 -2.488597349908026057e-01 -1.812550852539761559e-01 -3.222687833607786323e-01 -2.836544001374251001e-01 4.968641229367968398e-02 1.066341458894562444e-01 -3.143889298516076847e-02 -6.625047003764808484e-02 -2.457817262842252465e-02 -1.526380027333111913e-02 -2.876723392554232928e-01 1.033384092022186368e-01 5.825423493964461408e-02 1.205385605478148381e-01 2.916048230936250235e-03 0.000000000000000000e+00
-4.950896374957892698e-01 -2.651342343996736517e-01 6.779814460946078647e-01 -8.567466638390157721e-03 2.460607069437927355e-02 2.764211331204403238e-02 2.355609443845936915e-02 -2.495502228466393024e-01 -4.435041531338049930e-02 -1.283408414983633061e-01 2.270828085166366472e-01 -1.945127867963280799e-01 -3.119970799003450590e-02 -2.194087757060673993e-01 -2.641904667874974133e-01 8.886664934186565279e-02 -3.294076750298904899e-02 -2.933710395775245838e-01 -2.725230450697775364e-01 4.694091377329208392e-02 3.000000000000000000e+00
8.441871162748719459e-02 -6.080044664533484911e-01 -6.349006820576291732e-01 -5.178316719659450951e-02 -5.817460963473477381e-02 8.434040561992371676e-02 -7.313332467127038605e-02 -9.949009162742575296e-02 1.612148882714197276e-02 5.549829198813011760e-02 4.254555521618503811e-01 1.969659916490238694e-01 1.064706300662057736e-01 7.456809375663758788e-02 -9.865296902669418166e-02 -1.925478849933551229e-01 -1.481280229272696758e-01 -1.225277651782587796e-01 -8.497708837748395305e-02 1.351386411836893488e-02 2.000000000000000000e+00
8.416915623244002331e-01 3.035402391211808326e-01 3.096648260041406364e-01 -3.086214687741003354e-02 3.662828373153926287e-01 -2.488597349908025225e-01 -1.812550852539760171e-01 -3.222687833607785213e-01 -2.836544001374250445e-01 4.968641229367961459e-02 1.066341458894561334e-01 -3.143889298516080316e-02 -6.625047003764805709e-02 -2.457817262842248301e-02 -1.526380027333118852e-02 -2.876723392554234593e-01 1.033384092022185535e-01 5.825423493964470428e-02 1.205385605478148936e-01 2.916048230936318757e-03 0.000000000000000000e+00
8.244725583739108410e-02 -6.734305336674840659e-01 -5.605308164841542595e-01 9.872010138450741656e-02 6.402794112899630186e-01 2.041917126616166478e-01 -5.571623982181706132e-03 3.798638983490666698e-02 3.523935934069612891e-02 6.962560283402975669e-02 7.035542179198799040e-02 3.986283091491327896e-02 2.049484227583253659e-01 3.664634365247464165e-02 -7.088878583909231923e-02 -4.501324233583741535e-02 4.241766758988401165e-01 4.766027190501290201e-02 -1.140350219930557768e-01 1.196475053297242908e-01 2.000000000000000000e+00
-4.648159692596260384e-01 7.231491967250741615e-01 -4.118985124590878177e-01 -5.265089157237915485e-01 2.594740295249092429e-02 7.980447931873412004e-02 -9.248376369806961261e-02 -1.964780719270623963e-02 -5.711474558850534317e-02 -2.724144910657011476e-01 -1.608828249002203781e-01 -4.022231894601589752e-02 1.592246109379811259e-01 -8.137157623474182422e-02 1.096538760702792242e-01 -7.761130316549733066e-02 1.476443540181408276e-01 -2.597416361353672154e-01 2.342638843702437301e-01 2.533576907062910430e-02 1.000000000000000000e+00
1.642981326477832849e-01 -6.340584822016400723e-01 -5.888087116126359266e-01 -2.520095475883668557e-01 7.278633133259766741e-02 -1.893068888364093927e-01 -2.160049905852214347e-01 1.487282903364241238e-01 -7.052071426766343132e-02 4.523923883111690691e-01 -7.065375245365394796e-02 1.007584369448091266e-01 3.660917915564929504e-03 -7.450666914435180588e-02 1.354462300237505856e-01 2.344004454652398317e-01 1.003981601942895195e-03 6.733261227387332681e-02 -9.434384545468718630e-02 -2.859599438343904954e-01 2.000000000000000000e+00
-4.667874250497219268e-01 6.577231295109383646e-01 -3.375286468856134592e-01 -2.043862199992487264e-02 3.052013258317794464e-01 -4.710875242984768202e-02 2.979214861276245352e-01 1.649284077508920698e-01 2.414927658132588195e-01 -1.478411582829728954e-01 6.979324682230010624e-03 1.910589926779358017e-01 -2.287161338011541034e-01 8.385699558265807818e-02 -4.155026660026768515e-02 2.974124857295012969e-01 -1.212547190738596375e-01 1.678697072766459908e-01 6.773305217499505683e-03 1.972184374666299256e-01 1.000000000000000000e+00
